3,2
3,1
3,3
10,14
10,174
10,286
10,158
10,214
10,128
10,262
10,10
9,7
9,4
9,6
9,3
8,17
8,11
8,2
8,3
18,1
18,3
14,1
14,3
13,1
13,3
2,2
2,1
2,3
95,3
95,2
95,1
95,0
94,3
94,2
94,1
94,0
93,4
93,3
93,2
93,1
93,0
92,4
92,3
92,2
92,1
92,0
90,4
90,3
90,2
90,1
90,0
88,4
88,3
88,2
88,1
88,0
86,4
86,3
86,2
86,1
86,0
85,5
85,4
85,3
85,2
85,1
85,0
20,3
20,2
20,1
19,3
19,2
19,1
12,3
12,2
12,1
11,29
11,28
11,27
11,26
11,25
11,24
11,23
11,22
11,21
11,20
11,19
11,18
11,17
11,16
11,15
11,14
11,13
11,12
11,11
11,10
11,9
11,8
11,7
11,6
11,5
11,4
11,3
11,2
11,1
10,303
10,297
10,295
10,283
10,280
10,279
10,267
10,266
10,261
10,260
10,256
10,252
10,251
10,246
10,245
10,240
